000100002 0 
000100003 1 
000100009 2 
000100011 3 
000100012 4 
000100014 5 
000100016 6 
000100017 7 
000100018 8 
000100023 9 
000100024 10 
000100026 11 
000100027 12 
000100028 13 
000100029 14 
000100031 15 
000100032 16 
000100033 17 
000100034 18 
000100036 19 
000100037 20 
000100040 21 
000100041 22 
001200002 23 
001400001 24 
001400002 25 
001200004 26 
001100001 27 
001200006 28 
001100003 29 
001200008 30 
001500001 31 
001500003 32 
001500002 33 
001500005 34 
001500004 35 
001600001 36 
001600002 37 
001600004 38 
001600003 39 
001600005 40 
001600009 41 
001600006 42 
001600007 43 
001600010 44 
001600008 45 
001400003 46 
001400004 47 
001400005 48 
001200023 49 
001400006 50 
001200024 51 
001400007 52 
001200022 53 
001400008 54 
001100013 55 
001200026 56 
001100014 57 
001200028 58 
001100016 59 
001200030 60 
001100031 61 
001100032 62 
001100034 63 
001100017 64 
001100018 65 
001100020 66 
001100022 67 
001100023 68 
001100024 69 
001100026 70 
001100027 71 
001100005 72 
001100008 73 
001100006 74 
001100009 75 
001100012 76 
001100010 77 
001200032 78 
001200034 79 
001200036 80 
001200010 81 
001200012 82 
001200014 83 
001200016 84 
001200018 85 
001200020 86 
001500006 87 
001500012 88 
001500031 89 
001500034 90 
001500008 91 
001500013 92 
001500014 93 
001500017 94 
001500007 95 
001500011 96 
001500016 97 
001500042 98 
001500046 99 
001500050 100 
001600015 101 
001600018 102 
001500009 103 
001500018 104 
001500010 105 
001500015 106 
001500032 107 
001500035 108 
001500037 109 
001500033 110 
001500036 111 
001500038 112 
001600012 113 
001600014 114 
001500039 115 
001500043 116 
001500047 117 
001500040 118 
001500044 119 
001500048 120 
001500041 121 
001500045 122 
001500049 123 
001600017 124 
001600019 125 
001600022 126 
001600016 127 
001600020 128 
001600024 129 
001600021 130 
001600023 131 
002200004 132 
002200005 133 
002200003 134 
002600003 135 
002600002 136 
002600001 137 
002600022 138 
002600021 139 
002600020 140 
002600025 141 
002600024 142 
002600023 143 
002600004 144 
002600008 145 
002600006 146 
002600009 147 
002600012 148 
002600010 149 
002600026 150 
002600028 151 
002600027 152 
002600030 153 
002600033 154 
002600034 155 
002600015 156 
002600016 157 
002600013 158 
002600146 159 
002600150 160 
002600147 161 
002600152 162 
002600151 163 
002600153 164 
002600154 165 
002600155 166 
002600121 167 
002600122 168 
002600126 169 
002600127 170 
002600156 171 
002600158 172 
002600157 173 
002600128 174 
002600129 175 
002600132 176 
002600133 177 
002600075 178 
002600076 179 
002600077 180 
002600074 181 
002600062 182 
002600063 183 
002600064 184 
002600066 185 
002600067 186 
002600068 187 
002600079 188 
002600078 189 
002600160 190 
002600161 191 
002600159 192 
002600072 193 
002600073 194 
002600071 195 
002600120 196 
002600119 197 
002600140 198 
002600141 199 
002600139 200 
002600142 201 
002600143 202 
002600144 203 
002600083 204 
002600091 205 
002600092 206 
002600106 207 
002600096 208 
002600098 209 
002600097 210 
002600107 211 
002600108 212 
002600114 213 
002600112 214 
002600113 215 
002600110 216 
